MES_Wind/testx.asc
ncols	20
nrows	20
xllcorner	3648720.859
yllcorner	5498170.577
cellsize	526.316
NODATA_value	-9999.000
10.000 9.945 9.779 9.506 9.127 8.647 8.071 7.406 6.659 5.838 4.953 4.013 3.028 2.010 0.970 -0.082 -1.132 -2.169 -3.183 -4.161
9.474 9.421 9.265 9.005 8.646 8.192 7.646 7.016 6.308 5.531 4.692 3.801 2.869 1.904 0.919 -0.077 -1.072 -2.055 -3.016 -3.942
8.947 8.898 8.750 8.505 8.166 7.736 7.221 6.626 5.958 5.224 4.432 3.590 2.709 1.798 0.868 -0.073 -1.013 -1.941 -2.848 -3.723
8.421 8.374 8.235 8.005 7.686 7.281 6.797 6.237 5.608 4.916 4.171 3.379 2.550 1.693 0.817 -0.069 -0.953 -1.827 -2.680 -3.504
7.895 7.851 7.720 7.504 7.205 6.826 6.372 5.847 5.257 4.609 3.910 3.168 2.391 1.587 0.765 -0.064 -0.893 -1.713 -2.513 -3.285
7.368 7.328 7.206 7.004 6.725 6.371 5.947 5.457 4.907 4.302 3.649 2.957 2.231 1.481 0.714 -0.060 -0.834 -1.598 -2.345 -3.066
6.842 6.804 6.691 6.504 6.245 5.916 5.522 5.067 4.556 3.995 3.389 2.746 2.072 1.375 0.663 -0.056 -0.774 -1.484 -2.178 -2.847
6.316 6.281 6.176 6.003 5.764 5.461 5.097 4.677 4.206 3.687 3.128 2.534 1.912 1.269 0.612 -0.051 -0.715 -1.370 -2.010 -2.628
5.789 5.757 5.662 5.503 5.284 5.006 4.673 4.288 3.855 3.380 2.867 2.323 1.753 1.164 0.561 -0.047 -0.655 -1.256 -1.843 -2.409
5.263 5.234 5.147 5.003 4.803 4.551 4.248 3.898 3.505 3.073 2.607 2.112 1.594 1.058 0.510 -0.043 -0.596 -1.142 -1.675 -2.190
4.737 4.711 4.632 4.503 4.323 4.096 3.823 3.508 3.154 2.765 2.346 1.901 1.434 0.952 0.459 -0.039 -0.536 -1.028 -1.508 -1.971
4.211 4.187 4.118 4.002 3.843 3.641 3.398 3.118 2.804 2.458 2.085 1.690 1.275 0.846 0.408 -0.034 -0.477 -0.913 -1.340 -1.752
3.684 3.664 3.603 3.502 3.362 3.186 2.974 2.729 2.453 2.151 1.825 1.478 1.116 0.741 0.357 -0.030 -0.417 -0.799 -1.173 -1.533
3.158 3.140 3.088 3.002 2.882 2.731 2.549 2.339 2.103 1.844 1.564 1.267 0.956 0.635 0.306 -0.026 -0.357 -0.685 -1.005 -1.314
2.632 2.617 2.573 2.501 2.402 2.275 2.124 1.949 1.752 1.536 1.303 1.056 0.797 0.529 0.255 -0.021 -0.298 -0.571 -0.838 -1.095
2.105 2.094 2.059 2.001 1.921 1.820 1.699 1.559 1.402 1.229 1.043 0.845 0.637 0.423 0.204 -0.017 -0.238 -0.457 -0.670 -0.876
1.579 1.570 1.544 1.501 1.441 1.365 1.274 1.169 1.051 0.922 0.782 0.634 0.478 0.317 0.153 -0.013 -0.179 -0.343 -0.503 -0.657
1.053 1.047 1.029 1.001 0.961 0.910 0.850 0.780 0.701 0.615 0.521 0.422 0.319 0.212 0.102 -0.009 -0.119 -0.228 -0.335 -0.438
0.526 0.523 0.515 0.500 0.480 0.455 0.425 0.390 0.350 0.307 0.261 0.211 0.159 0.106 0.051 -0.004 -0.060 -0.114 -0.168 -0.219
0.000 0.000 0.000 0.000 0.000 0.000 0.000 0.000 0.000 0.000 0.000 0.000 0.000 0.000 0.000 -0.000 -0.000 -0.000 -0.000 -0.000
