MES_Wind/testy.asc
ncols	20
nrows	20
xllcorner	3648720.859
yllcorner	5498170.577
cellsize	526.316
NODATA_value	-9999.000
0.000 1.051 2.090 3.106 4.087 5.024 5.904 6.720 7.460 8.119 8.687 9.160 9.531 9.796 9.953 10.000 9.936 9.762 9.480 9.093
0.000 0.995 1.980 2.942 3.872 4.759 5.593 6.366 7.068 7.692 8.230 8.678 9.029 9.280 9.429 9.473 9.413 9.248 8.981 8.614
0.000 0.940 1.870 2.779 3.657 4.495 5.283 6.012 6.675 7.264 7.773 8.195 8.527 8.765 8.905 8.947 8.890 8.734 8.482 8.136
0.000 0.885 1.760 2.615 3.442 4.230 4.972 5.659 6.282 6.837 7.316 7.713 8.026 8.249 8.381 8.421 8.367 8.221 7.983 7.657
0.000 0.829 1.650 2.452 3.227 3.966 4.661 5.305 5.890 6.410 6.858 7.231 7.524 7.734 7.858 7.894 7.844 7.707 7.484 7.179
0.000 0.774 1.540 2.288 3.012 3.702 4.350 4.951 5.497 5.982 6.401 6.749 7.022 7.218 7.334 7.368 7.321 7.193 6.985 6.700
0.000 0.719 1.430 2.125 2.797 3.437 4.040 4.598 5.105 5.555 5.944 6.267 6.521 6.702 6.810 6.842 6.798 6.679 6.486 6.222
0.000 0.664 1.320 1.961 2.581 3.173 3.729 4.244 4.712 5.128 5.487 5.785 6.019 6.187 6.286 6.316 6.275 6.165 5.987 5.743
0.000 0.608 1.210 1.798 2.366 2.908 3.418 3.890 4.319 4.700 5.029 5.303 5.518 5.671 5.762 5.789 5.752 5.652 5.488 5.264
0.000 0.553 1.100 1.635 2.151 2.644 3.107 3.537 3.927 4.273 4.572 4.821 5.016 5.156 5.238 5.263 5.229 5.138 4.989 4.786
0.000 0.498 0.990 1.471 1.936 2.380 2.797 3.183 3.534 3.846 4.115 4.339 4.514 4.640 4.715 4.737 4.706 4.624 4.490 4.307
0.000 0.442 0.880 1.308 1.721 2.115 2.486 2.829 3.141 3.418 3.658 3.857 4.013 4.125 4.191 4.210 4.183 4.110 3.992 3.829
0.000 0.387 0.770 1.144 1.506 1.851 2.175 2.476 2.749 2.991 3.201 3.375 3.511 3.609 3.667 3.684 3.661 3.596 3.493 3.350
0.000 0.332 0.660 0.981 1.291 1.586 1.864 2.122 2.356 2.564 2.743 2.893 3.010 3.093 3.143 3.158 3.138 3.083 2.994 2.871
0.000 0.276 0.550 0.817 1.076 1.322 1.554 1.768 1.963 2.137 2.286 2.410 2.508 2.578 2.619 2.631 2.615 2.569 2.495 2.393
0.000 0.221 0.440 0.654 0.860 1.058 1.243 1.415 1.571 1.709 1.829 1.928 2.006 2.062 2.095 2.105 2.092 2.055 1.996 1.914
0.000 0.166 0.330 0.490 0.645 0.793 0.932 1.061 1.178 1.282 1.372 1.446 1.505 1.547 1.572 1.579 1.569 1.541 1.497 1.436
0.000 0.111 0.220 0.327 0.430 0.529 0.621 0.707 0.785 0.855 0.914 0.964 1.003 1.031 1.048 1.053 1.046 1.028 0.998 0.957
0.000 0.055 0.110 0.163 0.215 0.264 0.311 0.354 0.393 0.427 0.457 0.482 0.502 0.516 0.524 0.526 0.523 0.514 0.499 0.479
0.000 0.000 0.000 0.000 0.000 0.000 0.000 0.000 0.000 0.000 0.000 0.000 0.000 0.000 0.000 0.000 0.000 0.000 0.000 0.000
