MES_Wind/bin/Debug/MES_test/clim10_test.asc
ncols	20
nrows	20
xllcorner	3749431.702
yllcorner	5557489.554
cellsize	526.316
NODATA_value	-9999.000
24.000 24.211 24.421 24.632 24.842 25.053 25.263 25.474 25.684 25.895 26.105 26.316 26.526 26.737 26.947 27.158 27.368 27.579 27.789 28.000
23.789 24.000 24.211 24.421 24.632 24.842 25.053 25.263 25.474 25.684 25.895 26.105 26.316 26.526 26.737 26.947 27.158 27.368 27.579 27.789
23.579 23.789 24.000 24.211 24.421 24.632 24.842 25.053 25.263 25.474 25.684 25.895 26.105 26.316 26.526 26.737 26.947 27.158 27.368 27.579
23.368 23.579 23.789 24.000 24.211 24.421 24.632 24.842 25.053 25.263 25.474 25.684 25.895 26.105 26.316 26.526 26.737 26.947 27.158 27.368
23.158 23.368 23.579 23.789 24.000 24.211 24.421 24.632 24.842 25.053 25.263 25.474 25.684 25.895 26.105 26.316 26.526 26.737 26.947 27.158
22.947 23.158 23.368 23.579 23.789 24.000 24.211 24.421 24.632 24.842 25.053 25.263 25.474 25.684 25.895 26.105 26.316 26.526 26.737 26.947
22.737 22.947 23.158 23.368 23.579 23.789 24.000 24.211 24.421 24.632 24.842 25.053 25.263 25.474 25.684 25.895 26.105 26.316 26.526 26.737
22.526 22.737 22.947 23.158 23.368 23.579 23.789 24.000 24.211 24.421 24.632 24.842 25.053 25.263 25.474 25.684 25.895 26.105 26.316 26.526
22.316 22.526 22.737 22.947 23.158 23.368 23.579 23.789 24.000 24.211 24.421 24.632 24.842 25.053 25.263 25.474 25.684 25.895 26.105 26.316
22.105 22.316 22.526 22.737 22.947 23.158 23.368 23.579 23.789 24.000 24.211 24.421 24.632 24.842 25.053 25.263 25.474 25.684 25.895 26.105
21.895 22.105 22.316 22.526 22.737 22.947 23.158 23.368 23.579 23.789 24.000 24.211 24.421 24.632 24.842 25.053 25.263 25.474 25.684 25.895
21.684 21.895 22.105 22.316 22.526 22.737 22.947 23.158 23.368 23.579 23.789 24.000 24.211 24.421 24.632 24.842 25.053 25.263 25.474 25.684
21.474 21.684 21.895 22.105 22.316 22.526 22.737 22.947 23.158 23.368 23.579 23.789 24.000 24.211 24.421 24.632 24.842 25.053 25.263 25.474
21.263 21.474 21.684 21.895 22.105 22.316 22.526 22.737 22.947 23.158 23.368 23.579 23.789 24.000 24.211 24.421 24.632 24.842 25.053 25.263
21.053 21.263 21.474 21.684 21.895 22.105 22.316 22.526 22.737 22.947 23.158 23.368 23.579 23.789 24.000 24.211 24.421 24.632 24.842 25.053
20.842 21.053 21.263 21.474 21.684 21.895 22.105 22.316 22.526 22.737 22.947 23.158 23.368 23.579 23.789 24.000 24.211 24.421 24.632 24.842
20.632 20.842 21.053 21.263 21.474 21.684 21.895 22.105 22.316 22.526 22.737 22.947 23.158 23.368 23.579 23.789 24.000 24.211 24.421 24.632
20.421 20.632 20.842 21.053 21.263 21.474 21.684 21.895 22.105 22.316 22.526 22.737 22.947 23.158 23.368 23.579 23.789 24.000 24.211 24.421
20.211 20.421 20.632 20.842 21.053 21.263 21.474 21.684 21.895 22.105 22.316 22.526 22.737 22.947 23.158 23.368 23.579 23.789 24.000 24.211
20.000 20.211 20.421 20.632 20.842 21.053 21.263 21.474 21.684 21.895 22.105 22.316 22.526 22.737 22.947 23.158 23.368 23.579 23.789 24.000
