MES_Wind/bin/Debug/MES_test/u_test.asc
ncols	20
nrows	20
xllcorner	3749431.702
yllcorner	5557489.554
cellsize	526.316
NODATA_value	-9999.000
40.000 39.779 39.117 38.022 36.506 34.587 32.284 29.624 26.636 23.353 19.811 16.051 12.112 8.040 3.878 -0.326 -4.527 -8.678 -12.732 -16.646
37.895 37.685 37.058 36.021 34.585 32.766 30.585 28.065 25.234 22.124 18.769 15.206 11.475 7.617 3.674 -0.309 -4.289 -8.221 -12.062 -15.770
35.789 35.591 34.999 34.020 32.664 30.946 28.886 26.505 23.832 20.895 17.726 14.361 10.837 7.194 3.470 -0.292 -4.050 -7.764 -11.392 -14.894
33.684 33.498 32.940 32.019 30.742 29.126 27.186 24.946 22.430 19.666 16.683 13.516 10.200 6.770 3.266 -0.275 -3.812 -7.307 -10.722 -14.018
31.579 31.404 30.882 30.017 28.821 27.305 25.487 23.387 21.028 18.436 15.641 12.672 9.562 6.347 3.062 -0.257 -3.574 -6.851 -10.052 -13.141
29.474 29.311 28.823 28.016 26.899 25.485 23.788 21.828 19.626 17.207 14.598 11.827 8.925 5.924 2.858 -0.240 -3.336 -6.394 -9.382 -12.265
27.368 27.217 26.764 26.015 24.978 23.664 22.089 20.269 18.224 15.978 13.555 10.982 8.287 5.501 2.654 -0.223 -3.097 -5.937 -8.711 -11.389
25.263 25.123 24.705 24.014 23.057 21.844 20.390 18.710 16.823 14.749 12.513 10.137 7.650 5.078 2.450 -0.206 -2.859 -5.481 -8.041 -10.513
23.158 23.030 22.647 22.013 21.135 20.024 18.691 17.151 15.421 13.520 11.470 9.293 7.012 4.655 2.245 -0.189 -2.621 -5.024 -7.371 -9.637
21.053 20.936 20.588 20.012 19.214 18.203 16.992 15.591 14.019 12.291 10.427 8.448 6.375 4.232 2.041 -0.172 -2.383 -4.567 -6.701 -8.761
18.947 18.842 18.529 18.010 17.292 16.383 15.292 14.032 12.617 11.062 9.384 7.603 5.737 3.808 1.837 -0.154 -2.144 -4.110 -6.031 -7.885
16.842 16.749 16.470 16.009 15.371 14.563 13.593 12.473 11.215 9.833 8.342 6.758 5.100 3.385 1.633 -0.137 -1.906 -3.654 -5.361 -7.009
14.737 14.655 14.411 14.008 13.450 12.742 11.894 10.914 9.813 8.604 7.299 5.913 4.462 2.962 1.429 -0.120 -1.668 -3.197 -4.691 -6.133
12.632 12.562 12.353 12.007 11.528 10.922 10.195 9.355 8.411 7.375 6.256 5.069 3.825 2.539 1.225 -0.103 -1.430 -2.740 -4.021 -5.257
10.526 10.468 10.294 10.006 9.607 9.102 8.496 7.796 7.009 6.145 5.214 4.224 3.187 2.116 1.021 -0.086 -1.191 -2.284 -3.351 -4.380
8.421 8.374 8.235 8.005 7.686 7.281 6.797 6.237 5.608 4.916 4.171 3.379 2.550 1.693 0.817 -0.069 -0.953 -1.827 -2.680 -3.504
6.316 6.281 6.176 6.003 5.764 5.461 5.097 4.677 4.206 3.687 3.128 2.534 1.912 1.269 0.612 -0.051 -0.715 -1.370 -2.010 -2.628
4.211 4.187 4.118 4.002 3.843 3.641 3.398 3.118 2.804 2.458 2.085 1.690 1.275 0.846 0.408 -0.034 -0.477 -0.913 -1.340 -1.752
2.105 2.094 2.059 2.001 1.921 1.820 1.699 1.559 1.402 1.229 1.043 0.845 0.637 0.423 0.204 -0.017 -0.238 -0.457 -0.670 -0.876
0.000 0.000 0.000 0.000 0.000 0.000 0.000 0.000 0.000 0.000 0.000 0.000 0.000 0.000 0.000 -0.000 -0.000 -0.000 -0.000 -0.000
