MES_Wind/bin/Debug/MES_test/v_test.asc
ncols	20
nrows	20
xllcorner	3749431.702
yllcorner	5557489.554
cellsize	526.316
NODATA_value	-9999.000
0.000 2.101 4.179 6.211 8.174 10.047 11.808 13.439 14.921 16.238 17.375 18.319 19.061 19.592 19.906 19.999 19.872 19.524 18.960 18.186
0.000 1.991 3.960 5.884 7.744 9.518 11.187 12.732 14.136 15.383 16.460 17.355 18.058 18.561 18.858 18.947 18.826 18.496 17.962 17.229
0.000 1.880 3.740 5.558 7.314 8.989 10.565 12.024 13.350 14.528 15.546 16.391 17.055 17.530 17.810 17.894 17.780 17.469 16.964 16.272
0.000 1.770 3.520 5.231 6.884 8.461 9.944 11.317 12.565 13.674 14.631 15.427 16.051 16.498 16.763 16.842 16.734 16.441 15.966 15.314
0.000 1.659 3.300 4.904 6.453 7.932 9.322 10.610 11.780 12.819 13.717 14.463 15.048 15.467 15.715 15.789 15.688 15.413 14.968 14.357
0.000 1.548 3.080 4.577 6.023 7.403 8.701 9.902 10.994 11.965 12.802 13.498 14.045 14.436 14.667 14.736 14.642 14.386 13.970 13.400
0.000 1.438 2.860 4.250 5.593 6.874 8.079 9.195 10.209 11.110 11.888 12.534 13.042 13.405 13.620 13.684 13.596 13.358 12.972 12.443
0.000 1.327 2.640 3.923 5.163 6.345 7.458 8.488 9.424 10.255 10.973 11.570 12.039 12.374 12.572 12.631 12.550 12.331 11.975 11.486
0.000 1.217 2.420 3.596 4.733 5.817 6.836 7.781 8.638 9.401 10.059 10.606 11.035 11.343 11.524 11.579 11.505 11.303 10.977 10.529
0.000 1.106 2.200 3.269 4.302 5.288 6.215 7.073 7.853 8.546 9.145 9.642 10.032 10.311 10.477 10.526 10.459 10.276 9.979 9.572
0.000 0.995 1.980 2.942 3.872 4.759 5.593 6.366 7.068 7.692 8.230 8.678 9.029 9.280 9.429 9.473 9.413 9.248 8.981 8.614
0.000 0.885 1.760 2.615 3.442 4.230 4.972 5.659 6.282 6.837 7.316 7.713 8.026 8.249 8.381 8.421 8.367 8.221 7.983 7.657
0.000 0.774 1.540 2.288 3.012 3.702 4.350 4.951 5.497 5.982 6.401 6.749 7.022 7.218 7.334 7.368 7.321 7.193 6.985 6.700
0.000 0.664 1.320 1.961 2.581 3.173 3.729 4.244 4.712 5.128 5.487 5.785 6.019 6.187 6.286 6.316 6.275 6.165 5.987 5.743
0.000 0.553 1.100 1.635 2.151 2.644 3.107 3.537 3.927 4.273 4.572 4.821 5.016 5.156 5.238 5.263 5.229 5.138 4.989 4.786
0.000 0.442 0.880 1.308 1.721 2.115 2.486 2.829 3.141 3.418 3.658 3.857 4.013 4.125 4.191 4.210 4.183 4.110 3.992 3.829
0.000 0.332 0.660 0.981 1.291 1.586 1.864 2.122 2.356 2.564 2.743 2.893 3.010 3.093 3.143 3.158 3.138 3.083 2.994 2.871
0.000 0.221 0.440 0.654 0.860 1.058 1.243 1.415 1.571 1.709 1.829 1.928 2.006 2.062 2.095 2.105 2.092 2.055 1.996 1.914
0.000 0.111 0.220 0.327 0.430 0.529 0.621 0.707 0.785 0.855 0.914 0.964 1.003 1.031 1.048 1.053 1.046 1.028 0.998 0.957
0.000 0.000 0.000 0.000 0.000 0.000 0.000 0.000 0.000 0.000 0.000 0.000 0.000 0.000 0.000 0.000 0.000 0.000 0.000 0.000
